101 PhoneCase     0.25 2025-11-20_15:30 1 4.50 1
102 LaptopBag     1.20 2025-11-18_12:00 1 8.30 3
103 Charger       0.50 2025-11-22_09:45 1 3.75 4
104 Keyboard      0.90 2025-11-21_18:20 1 6.10 2
105 Mouse         0.30 2025-11-19_10:10 1 2.95 5
106 Monitor       3.80 2025-11-17_14:00 1 12.50 2
107 HardDrive     0.60 2025-11-23_11:25 1 5.85 1
108 Headphones    0.40 2025-11-24_16:10 1 4.10 5
109 GPU 2.30 2025-11-26_21:49 1 15.99 3
67 Yad 150.00 2025-11-26_22:07 1 184.20 2
102 LaptopBag 1.20 2025-12-02_12:00 1 8.30 3
